name: epbc_docker
channels:
  - conda-forge
  - defaults
dependencies:
  - beautifulsoup4=4.9.3=pyhb0f4dca_0
  - brotlipy=0.7.0=py39hb82d6ee_1001
  - bs4=4.9.3=0
  - ca-certificates=2021.5.30=h5b45459_0
  - certifi=2021.5.30=py39hcbf5309_0
  - cffi=1.14.5=py39h0878f49_0
  - cryptography=3.4.7=py39hd8d06c1_0
  - idna=3.1=pyhd3deb0d_0
  - intel-openmp=2021.2.0=h57928b3_616
  - libblas=3.9.0=9_mkl
  - libcblas=3.9.0=9_mkl
  - liblapack=3.9.0=9_mkl
  - mkl=2021.2.0=hb70f87d_389
  - numpy=1.21.0=py39h6635163_0
  - openssl=1.1.1k=h8ffe710_0
  - pandas=1.2.5=py39h2e25243_0
  - pip=21.1.2=pyhd8ed1ab_0
  - pycparser=2.20=pyh9f0ad1d_2
  - pyopenssl=20.0.1=pyhd8ed1ab_0
  - pysocks=1.7.1=py39hcbf5309_3
  - python=3.9.5=h7840368_0_cpython
  - python-dateutil=2.8.1=py_0
  - python_abi=3.9=2_cp39
  - pytz=2021.1=pyhd8ed1ab_0
  - rapidfuzz=1.4.1=py39h690af90_0
  - selenium=3.141.0=py39hb82d6ee_1002
  - setuptools=49.6.0=py39hcbf5309_3
  - six=1.16.0=pyh6c4a22f_0
  - soupsieve=2.0.1=py_1
  - sqlite=3.36.0=h8ffe710_0
  - tbb=2021.2.0=h2d74725_0
  - tzdata=2021a=he74cb21_0
  - ucrt=10.0.20348.0=h57928b3_0
  - urllib3=1.26.5=pyhd8ed1ab_0
  - vc=14.2=hb210afc_5
  - vs2015_runtime=14.29.30037=h902a5da_5
  - wheel=0.36.2=pyhd3deb0d_0
  - win_inet_pton=1.1.0=py39hcbf5309_2
  - wincertstore=0.2=py39hcbf5309_1006
prefix: C:\Users\eshor\miniconda3\envs\epbc_docker
